1
3
11
6
2
7
8
4
5
11
2
9
13
10
10
16
12
14
17
22
19
21
27
15
23
18
20
25
25
33
15
35
32
26
24
29
30
36
31
38
34
37
39
41
47
43
48
42
52
53
25
44
66
24
46
51
78
55
40
45
59
64
46
58
63
60
96
62
41
69
70
56
68
65
71
77
75
72
67
52
88
46
52
73
79
69
84
81
46
62
86
67
90
106
71
89
110
90
73
46
43
113
91
88
86
101
86
92
103
119
104
115
83
73
107
46
106
105
108
81
112
130
109
127
116
122
123
113
127
116
117
138
150
118
128
129
125
139
140
151
147
126
132
133
141
143
143
142
144
145
162
148
146
157
151
151
160
161
149
156
158
159
155
146
164
165
141
171
168
172
172
166
166
167
173
169
170
