1
2
4
11
5
6
7
9
10
19
12
17
14
13
28
13
20
8
34
23
16
18
21
42
26
24
27
22
30
31
37
45
29
39
36
32
75
35
41
40
44
43
70
59
30
74
49
24
46
47
76
56
71
60
62
61
51
63
53
48
55
97
65
66
69
46
54
65
68
67
62
72
48
78
62
61
53
73
55
68
76
68
54
83
70
96
80
85
86
84
98
68
88
89
102
91
90
48
81
93
83
105
92
125
98
104
102
100
108
103
89
121
106
97
107
109
88
110
106
96
113
128
130
101
112
117
111
115
119
122
98
134
118
108
116
124
146
125
126
122
126
132
130
144
128
139
129
129
138
114
133
130
89
146
137
125
140
141
142
144
145
135
142
150
131
156
151
128
152
155
147
149
153
