1
5
2
7
3
16
4
6
8
13
14
9
10
11
12
20
15
10
19
37
24
18
25
25
26
33
27
21
22
23
35
30
31
28
29
32
38
39
40
34
45
30
34
25
41
43
42
44
52
54
48
49
50
28
67
47
53
59
60
55
58
42
92
57
59
56
61
46
65
66
69
62
63
64
83
46
90
70
71
28
75
76
73
71
80
83
46
68
78
74
92
81
82
86
72
42
62
85
84
90
91
87
89
88
74
95
94
71
96
112
78
93
62
80
108
82
100
107
99
102
104
131
111
112
118
123
114
117
113
71
67
115
111
101
97
164
134
90
127
67
125
136
133
145
142
151
149
141
167
154
152
143
157
150
158
163
159
161
166
175
177
165
172
168
174
