1
3
4
5
8
2
10
14
6
12
7
9
20
15
13
17
11
21
16
18
23
14
30
27
24
41
28
29
32
34
25
36
26
38
31
35
37
81
33
45
44
34
47
46
48
52
55
49
50
36
62
54
83
79
61
63
41
64
48
56
86
67
67
71
73
60
85
75
66
74
57
77
99
53
115
95
80
92
93
90
110
87
94
98
116
101
105
132
107
106
123
117
105
113
114
119
103
120
82
98
137
127
130
121
113
125
124
111
134
136
105
135
119
127
127
142
143
125
139
98
128
141
131
149
112
144
123
135
149
136
145
147
142
150
146
148
149
150
145
144
151
148
143
149
149
123
152
151
152
150
154
143
149
143
154
151
